Node	R-HSA-2219528:PI3K/AKT Signaling in Cancer	R-HSA-2219530:Constitutive Signaling by Aberrant PI3K in Cancer	R-HSA-975138:TRAF6 mediated induction of NFkB and MAP kinases upon TLR7/8 or 9 activation	R-HSA-450294:MAP kinase activation	R-HSA-2404192:Signaling by Type 1 Insulin-like Growth Factor 1 Receptor (IGF1R)	R-HSA-2428924:IGF1R signaling cascade	R-HSA-1226099:Signaling by FGFR in disease	R-HSA-1227986:Signaling by ERBB2	R-HSA-4420097:VEGFA-VEGFR2 Pathway	R-HSA-74751:Insulin receptor signalling cascade	R-HSA-2428928:IRS-related events triggered by IGF1R	R-HSA-194138:Signaling by VEGF	R-HSA-975871:MyD88 cascade initiated on plasma membrane	R-HSA-112399:IRS-mediated signalling	R-HSA-190236:Signaling by FGFR	R-HSA-201681:TCF dependent signaling in response to WNT	R-HSA-448424:Interleukin-17 signaling	R-HSA-168176:Toll Like Receptor 5 (TLR5) Cascade	R-HSA-168142:Toll Like Receptor 10 (TLR10) Cascade	R-HSA-975155:MyD88 dependent cascade initiated on endosome	R-HSA-168181:Toll Like Receptor 7/8 (TLR7/8) Cascade	R-HSA-166058:MyD88:MAL(TIRAP) cascade initiated on plasma membrane	R-HSA-1257604:PIP3 activates AKT signaling	R-HSA-168188:Toll Like Receptor TLR6:TLR2 Cascade	R-HSA-168179:Toll Like Receptor TLR1:TLR2 Cascade	R-HSA-9006934:Signaling by Receptor Tyrosine Kinases	R-HSA-5684996:MAPK1/MAPK3 signaling	R-HSA-168138:Toll Like Receptor 9 (TLR9) Cascade	R-HSA-937061:TRIF(TICAM1)-mediated TLR4 signaling 	R-HSA-181438:Toll Like Receptor 2 (TLR2) Cascade	R-HSA-199418:Negative regulation of the PI3K/AKT network	R-HSA-5673001:RAF/MAP kinase cascade	R-HSA-5663202:Diseases of signal transduction	R-HSA-166166:MyD88-independent TLR4 cascade 	R-HSA-168164:Toll Like Receptor 3 (TLR3) Cascade	R-HSA-195721:Signaling by WNT	R-HSA-2454202:Fc epsilon receptor (FCERI) signaling	R-HSA-9006925:Intracellular signaling by second messengers	R-HSA-6811558:PI5P, PP2A and IER3 Regulate PI3K/AKT Signaling	R-HSA-166016:Toll Like Receptor 4 (TLR4) Cascade	R-HSA-449147:Signaling by Interleukins	R-HSA-74752:Signaling by Insulin receptor	R-HSA-5683057:MAPK family signaling cascades	R-HSA-6785807:Interleukin-4 and Interleukin-13 signaling	R-HSA-3858494:Beta-catenin independent WNT signaling	R-HSA-1280215:Cytokine Signaling in Immune system	R-HSA-162582:Signal Transduction	R-HSA-168898:Toll-like Receptor Cascades	R-HSA-166520:Signaling by NTRKs	R-HSA-168256:Immune System	R-HSA-1643685:Disease	R-HSA-187037:Signaling by NTRK1 (TRKA)	R-HSA-212436:Generic Transcription Pathway	R-HSA-9006936:Signaling by TGF-beta family members	R-HSA-8878159:Transcriptional regulation by RUNX3	R-HSA-422475:Axon guidance	R-HSA-73857:RNA Polymerase II Transcription	R-HSA-168249:Innate Immune System	R-HSA-5621481:C-type lectin receptors (CLRs)	R-HSA-1266738:Developmental Biology	R-HSA-74160:Gene expression (Transcription)	R-HSA-446652:Interleukin-1 family signaling	R-HSA-109581:Apoptosis	R-HSA-5357801:Programmed Cell Death	R-HSA-76002:Platelet activation, signaling and aggregation	R-HSA-195258:RHO GTPase Effectors	R-HSA-194315:Signaling by Rho GTPases	R-HSA-5688426:Deubiquitination	R-HSA-8953897:Cellular responses to external stimuli	R-HSA-2262752:Cellular responses to stress	R-HSA-3700989:Transcriptional Regulation by TP53	R-HSA-1280218:Adaptive Immune System	R-HSA-109582:Hemostasis	R-HSA-1640170:Cell Cycle
ACVR1	0	0	0	0	0	0	0	0	0	0	0	0	0	0	0	0	0	0	0	0	0	0	0	0	0	0	0	0	0	0	0	0	0	0	0	0	0	0	0	0	0	0	0	0	0	0	0	0	0	0	0	0	0	0	0	0	0	0	0	0	0	0	0	0	0	0	0	0	0	0	0	0	0	0
AKT_f	1	0	0	0	1	1	0	1	1	1	1	1	0	1	0	1	0	0	0	0	0	0	1	0	0	1	0	0	0	0	1	0	1	0	0	1	0	1	1	0	1	1	0	1	0	1	1	0	0	1	1	0	1	0	0	0	1	0	0	1	1	0	1	1	1	0	0	0	0	0	1	1	1	1
AKT1S1	1	0	0	0	0	0	0	0	0	0	0	0	0	0	0	0	0	0	0	0	0	0	1	0	0	0	0	0	0	0	0	0	1	0	0	0	0	1	0	0	0	0	0	0	0	0	1	0	0	0	1	0	0	0	0	0	0	0	0	0	0	0	0	0	0	0	0	0	1	1	0	0	0	0
AP1_c	0	0	1	1	0	0	0	0	0	0	0	0	1	0	0	0	1	1	1	1	1	1	1	1	1	0	0	1	1	1	0	0	1	1	1	0	1	1	0	1	1	0	1	1	0	1	1	1	0	1	1	0	1	1	1	0	1	1	0	1	1	1	0	0	0	0	0	1	1	1	1	0	0	0
ARHGAP24	0	0	0	0	0	0	0	0	0	0	0	0	0	0	0	0	0	0	0	0	0	0	0	0	0	0	0	0	0	0	0	0	0	0	0	0	0	0	0	0	0	0	0	0	0	0	1	0	0	0	0	0	0	0	0	0	0	0	0	0	0	0	0	0	0	0	1	0	0	0	0	0	0	0
ATF2	0	0	1	1	0	0	0	0	0	0	0	0	1	0	0	0	1	1	1	1	1	1	1	1	1	0	0	1	1	1	0	0	0	1	1	0	0	1	0	1	1	0	0	0	0	1	1	1	0	1	0	0	1	0	0	0	1	1	0	0	1	0	0	0	0	0	0	0	0	0	1	0	0	0
AXIN1	0	0	0	0	0	0	0	0	0	0	0	0	0	0	0	1	0	0	0	0	0	0	0	0	0	0	0	0	0	0	0	0	1	0	0	1	0	0	0	0	0	0	0	0	0	0	1	0	0	0	1	0	1	0	0	0	1	0	0	0	1	0	0	0	0	0	0	1	0	0	0	0	0	0
BAD	1	0	0	0	0	0	0	0	0	0	0	0	0	0	0	0	0	0	0	0	0	0	1	0	0	0	0	0	0	0	0	0	1	0	0	0	0	1	0	0	0	0	0	0	0	0	1	0	0	0	1	0	0	0	0	0	0	0	0	0	0	0	1	1	0	0	0	0	0	0	0	0	0	0
BAX	0	0	0	0	0	0	0	0	0	0	0	0	0	0	0	0	0	0	0	0	0	0	0	0	0	1	0	0	0	0	0	0	0	0	0	0	0	0	0	0	0	0	0	0	0	0	1	0	1	0	0	0	1	0	0	0	1	0	0	0	1	0	1	1	0	0	0	0	0	0	1	0	0	0
BCL2	0	0	0	0	0	0	0	0	0	0	0	0	0	0	0	0	0	0	0	0	0	0	0	0	0	0	0	0	0	0	0	0	0	0	0	0	0	0	0	0	1	0	0	1	0	1	1	0	0	1	0	0	0	0	0	0	0	1	0	0	0	0	1	1	0	0	0	0	0	0	0	0	0	0
BMPR2	0	0	0	0	0	0	0	0	0	0	0	0	0	0	0	0	0	0	0	0	0	0	0	0	0	0	0	0	0	0	0	0	0	0	0	0	0	0	0	0	0	0	0	0	0	0	1	0	0	0	0	0	0	1	0	0	0	0	0	0	0	0	0	0	0	0	0	0	0	0	0	0	0	0
BTRC	0	0	1	1	0	0	0	0	0	0	0	0	1	0	0	1	1	1	1	1	1	1	0	1	1	0	0	1	1	1	0	0	0	1	1	1	1	0	0	1	1	0	0	0	0	1	1	1	0	1	1	0	0	0	0	0	0	1	1	0	0	1	0	0	0	0	0	0	0	0	0	1	0	1
CASP3	0	0	0	0	0	0	0	0	0	0	0	0	0	0	0	0	0	0	0	0	0	0	0	0	0	0	0	0	0	0	0	0	0	0	0	0	0	0	0	0	1	0	0	0	0	1	1	0	0	1	0	0	0	0	0	0	0	0	0	0	0	0	1	1	0	0	0	0	0	0	0	0	0	0
CASP8	0	0	0	0	0	0	0	0	0	0	0	0	0	0	0	0	0	0	0	0	0	0	0	0	0	0	0	0	1	0	0	0	0	1	1	0	0	0	0	1	0	0	0	0	0	0	1	1	0	1	0	0	0	0	0	0	0	1	1	0	0	0	1	1	0	0	0	0	0	0	0	0	0	0
CASP9	1	0	0	0	0	0	0	0	0	0	0	0	0	0	0	0	0	0	0	0	0	0	1	0	0	0	0	0	0	0	0	0	1	0	0	0	0	1	0	0	0	0	0	0	0	0	1	0	0	1	1	0	0	0	0	0	0	1	0	0	0	0	1	1	0	0	0	0	0	0	0	0	0	0
CBPp300_c	0	0	0	0	0	0	0	0	0	0	0	0	0	0	0	1	0	0	0	0	0	0	0	0	0	0	0	0	0	0	0	0	1	0	0	1	0	0	0	0	0	0	0	0	0	0	1	0	0	1	1	0	1	0	1	0	1	1	1	1	1	0	0	0	0	0	0	1	1	1	1	0	0	1
CCND1	0	0	0	0	0	0	0	0	0	0	0	0	0	0	0	0	0	0	0	0	0	0	0	0	0	0	0	0	0	0	0	0	0	0	0	0	0	0	0	0	1	0	0	1	0	1	1	0	0	1	0	0	1	0	1	0	1	0	0	0	1	0	0	0	0	0	0	0	0	0	0	0	0	1
CDC42	0	0	0	0	0	0	0	0	1	0	0	1	0	0	0	0	0	0	0	0	0	0	0	0	0	1	0	0	0	0	0	0	0	0	0	0	0	0	0	0	1	0	1	0	0	1	1	0	0	1	0	0	0	0	0	1	0	1	0	1	0	0	0	0	1	1	1	0	0	0	0	1	1	0
CFL_f	0	0	0	0	0	0	0	0	0	0	0	0	0	0	0	0	0	0	0	0	0	0	0	0	0	0	0	0	0	0	0	0	0	0	0	0	0	0	0	0	1	0	0	0	0	1	1	0	0	1	0	0	0	0	0	1	0	1	0	1	0	0	0	0	1	1	1	0	0	0	0	0	1	0
CFLAR	0	0	0	0	0	0	0	0	0	0	0	0	0	0	0	0	0	0	0	0	0	0	0	0	0	0	0	0	0	0	0	0	0	0	0	0	0	0	0	0	0	0	0	0	0	0	1	0	0	0	0	0	0	0	0	0	0	0	0	0	0	0	1	1	0	0	0	0	0	0	0	0	0	0
CHUK	1	0	1	1	0	0	0	0	0	0	0	0	1	0	0	0	1	1	1	1	1	1	1	1	1	0	0	1	1	1	0	0	1	1	1	0	1	1	0	1	1	0	0	0	0	1	1	1	0	1	1	0	0	0	0	0	0	1	1	0	0	1	0	0	0	0	0	0	0	0	0	1	0	0
CK1_f	0	0	0	0	0	0	0	0	0	0	0	0	0	0	0	1	0	0	0	0	0	0	0	0	0	0	0	0	0	0	0	0	1	0	0	1	0	0	0	0	0	0	0	0	0	0	1	0	0	0	1	0	0	0	0	0	0	0	0	0	0	0	0	0	0	0	0	0	0	0	0	0	0	1
CREBBP	0	0	0	0	0	0	0	0	0	0	0	0	0	0	0	1	0	0	0	0	0	0	0	0	0	0	0	0	0	0	0	0	1	0	0	1	0	0	0	0	0	0	0	0	0	0	1	0	0	1	1	0	1	0	1	0	1	1	1	1	1	0	0	0	0	0	0	0	1	1	1	0	0	0
CSK	0	0	0	0	0	0	0	0	0	0	0	0	0	0	0	0	0	0	0	0	0	0	0	0	0	1	1	0	0	0	0	1	1	0	0	0	0	0	0	0	0	0	1	0	0	0	1	0	0	1	1	0	0	0	0	0	0	0	0	0	0	0	0	0	1	0	0	0	0	0	0	1	1	0
CTNNB1	0	0	0	0	0	0	0	0	1	0	0	1	0	0	0	1	0	0	0	0	0	0	0	0	0	1	0	0	0	0	0	0	1	0	0	1	0	0	0	0	0	0	0	0	1	0	1	0	0	1	1	0	1	0	1	0	1	1	0	1	1	0	1	1	0	1	1	0	0	0	0	0	0	0
CYCS	0	0	0	0	0	0	0	0	0	0	0	0	0	0	0	0	0	0	0	0	0	0	0	0	0	0	0	0	0	0	0	0	0	0	0	0	0	0	0	0	0	0	0	0	0	0	0	0	0	0	0	0	1	0	0	0	1	0	0	0	1	0	1	1	0	0	0	0	1	1	1	0	0	0
DAAM1	0	0	0	0	0	0	0	0	0	0	0	0	0	0	0	0	0	0	0	0	0	0	0	0	0	0	0	0	0	0	0	0	0	0	0	1	0	0	0	0	0	0	0	0	1	0	1	0	0	0	0	0	0	0	0	0	0	0	0	0	0	0	0	0	0	1	1	0	0	0	0	0	0	0
DKK_f	0	0	0	0	0	0	0	0	0	0	0	0	0	0	0	1	0	0	0	0	0	0	0	0	0	0	0	0	0	0	0	0	1	0	0	1	0	0	0	0	0	0	0	0	0	0	1	0	0	0	1	0	0	0	0	0	0	0	0	1	0	0	0	0	0	0	0	0	0	0	0	0	0	0
DKK_g	0	0	0	0	0	0	0	0	0	0	0	0	0	0	0	1	0	0	0	0	0	0	0	0	0	0	0	0	0	0	0	0	1	0	0	1	0	0	0	0	0	0	0	0	0	0	1	0	0	0	1	0	0	0	0	0	0	0	0	1	0	0	0	0	0	0	0	0	0	0	0	0	0	0
DUSP1	0	0	0	0	0	0	0	0	0	0	0	0	0	0	0	0	0	0	0	0	0	0	0	0	0	0	1	0	0	0	0	1	0	0	0	0	0	0	0	0	0	0	1	0	0	0	1	0	0	0	0	0	0	0	0	0	0	0	0	0	0	0	0	0	0	0	0	0	0	0	0	0	0	0
DUSP1_g	0	0	0	0	0	0	0	0	0	0	0	0	0	0	0	0	0	0	0	0	0	0	0	0	0	0	1	0	0	0	0	1	0	0	0	0	0	0	0	0	0	0	1	0	0	0	1	0	0	0	0	0	0	0	0	0	0	0	0	0	0	0	0	0	0	0	0	0	0	0	0	0	0	0
DUSP6	0	0	1	1	0	0	0	0	0	0	0	0	1	0	0	0	1	1	1	1	1	1	0	1	1	1	1	1	1	1	0	1	0	1	1	0	0	0	0	1	1	0	1	0	0	1	1	1	1	1	0	1	0	0	0	0	0	1	0	0	0	0	0	0	0	0	0	0	0	0	0	0	0	0
DVL_f	0	0	0	0	0	0	0	0	0	0	0	0	0	0	0	1	0	0	0	0	0	0	0	0	0	0	0	0	0	0	0	0	0	0	0	1	0	0	0	0	0	0	0	0	1	0	1	0	0	0	0	0	0	0	0	0	0	0	0	0	0	0	0	0	0	1	1	0	0	0	0	0	0	0
EGR1	0	0	0	0	0	0	0	0	0	0	0	0	0	0	0	0	0	0	0	0	0	0	1	0	0	0	0	0	0	0	0	0	0	0	0	0	0	1	0	0	0	0	0	0	0	1	1	0	0	1	0	0	0	0	0	0	0	0	0	0	0	0	0	0	0	0	0	0	0	0	0	0	0	0
EP300	0	0	0	0	0	0	0	0	0	0	0	0	0	0	0	1	0	0	0	0	0	0	0	0	0	0	0	0	0	0	0	0	1	0	0	1	0	0	0	0	0	0	0	0	0	0	1	0	0	1	1	0	1	0	1	0	1	1	1	1	1	0	0	0	0	0	0	1	1	1	1	0	0	1
ERK_f	0	0	1	1	0	0	0	0	0	1	0	0	1	0	1	0	1	1	1	1	1	1	1	1	1	1	1	1	1	1	1	1	1	1	1	0	1	1	1	1	1	1	1	0	0	1	1	1	1	1	1	1	1	0	0	1	1	1	0	1	1	0	1	1	1	1	1	0	1	1	0	0	1	1
FOS	0	0	1	1	0	0	0	0	0	0	0	0	1	0	0	0	1	1	1	1	1	1	0	1	1	0	0	1	1	1	0	0	0	1	1	0	1	0	0	1	1	0	0	1	0	1	1	1	0	1	0	0	1	0	0	0	1	1	0	0	1	0	0	0	0	0	0	0	1	1	1	0	0	0
FOXO_f	1	0	0	0	0	0	0	0	0	0	0	0	0	0	0	0	0	0	0	0	0	0	1	0	0	0	0	0	0	0	0	0	1	0	0	0	0	1	0	0	1	0	1	1	0	1	1	0	0	1	1	0	1	0	1	0	1	0	0	1	1	0	0	0	0	0	0	1	0	0	0	0	0	0
FZD_f	0	0	0	0	0	0	0	0	0	0	0	0	0	0	0	1	0	0	0	0	0	0	0	0	0	0	0	0	0	0	0	0	1	0	0	1	0	0	0	0	0	0	0	0	1	0	1	0	0	0	1	0	0	0	0	0	0	0	0	0	0	0	0	0	0	0	0	0	0	0	0	0	0	0
GAB_f	1	1	0	0	1	1	1	1	0	1	1	0	0	1	1	0	0	0	0	0	0	0	1	0	0	1	0	0	0	0	1	0	1	0	0	0	1	1	1	0	1	1	0	0	0	1	1	0	1	1	1	0	0	0	0	1	0	1	0	1	0	0	0	0	0	0	0	0	0	0	0	0	0	0
GRAP2	0	0	0	0	0	0	0	0	0	0	0	0	0	0	0	0	0	0	0	0	0	0	0	0	0	1	0	0	0	0	0	0	0	0	0	0	1	0	0	0	0	0	0	0	0	0	1	0	0	1	0	0	0	0	0	0	0	1	0	0	0	0	0	0	0	0	0	0	0	0	0	1	0	0
GRB2	1	1	0	0	1	1	1	1	0	1	1	0	0	1	1	0	0	0	0	0	0	0	1	0	0	1	1	0	0	0	1	1	1	0	0	0	1	1	1	0	1	1	1	0	0	1	1	0	1	1	1	1	0	0	0	1	0	1	0	1	0	0	0	0	1	1	1	0	0	0	0	1	1	0
GSK3_f	1	0	0	0	0	0	0	0	0	0	0	0	0	0	0	1	0	0	0	0	0	0	1	0	0	0	0	0	0	0	0	0	1	0	0	1	0	1	0	0	0	0	0	0	0	0	1	0	0	0	1	0	1	0	0	1	1	0	0	1	1	0	0	0	0	0	0	0	1	1	0	0	0	1
IKBKB	0	0	1	1	0	0	0	0	0	0	0	0	1	0	0	0	1	1	1	1	1	1	0	1	1	0	0	1	1	1	0	0	0	1	1	0	1	0	0	1	1	0	0	0	0	1	1	1	0	1	1	0	0	0	0	0	0	1	1	0	0	1	0	0	0	0	0	0	0	0	0	1	0	0
ILK	0	0	0	0	0	0	0	0	0	0	0	0	0	0	0	0	0	0	0	0	0	0	0	0	0	0	0	0	0	0	0	0	0	0	0	0	0	0	0	0	0	0	0	0	0	0	0	0	0	0	0	0	0	0	0	0	0	0	0	0	0	0	0	0	0	0	0	0	0	0	0	0	0	0
ILR_f	0	0	0	0	0	0	0	0	0	0	0	0	0	0	0	0	0	0	0	0	0	0	0	0	0	0	1	0	0	0	0	0	0	0	0	0	0	0	0	0	1	0	1	1	0	1	1	0	0	1	0	0	1	0	0	0	1	0	0	0	1	0	0	0	0	0	0	0	0	0	0	0	0	0
IRAK1	0	0	1	1	0	0	0	0	0	0	0	0	1	0	0	0	1	1	1	1	1	1	1	1	1	0	0	1	1	1	1	0	0	1	1	0	0	1	1	1	1	0	0	0	0	1	1	1	0	1	0	0	1	0	0	0	1	1	0	0	1	1	0	0	0	0	0	0	0	0	0	0	0	0
IRS1	1	1	0	0	1	1	0	0	0	1	1	0	0	1	0	0	0	0	0	0	0	0	1	0	0	1	1	0	0	0	1	1	1	0	0	0	0	1	1	0	1	1	1	0	0	1	1	0	1	1	1	1	0	0	0	0	0	0	0	0	0	0	0	0	0	0	0	0	0	0	0	0	0	0
ISGF3_c	0	0	0	0	0	0	1	0	0	0	0	0	0	0	0	0	0	0	0	0	0	0	0	0	0	1	0	0	0	0	0	0	1	0	0	0	0	0	0	0	1	0	0	1	0	1	1	0	0	1	1	0	1	0	0	0	1	0	0	0	1	0	0	0	0	0	0	0	0	0	0	0	0	0
ITCH	0	0	0	0	0	0	0	0	0	0	0	0	0	0	0	0	0	0	0	0	0	0	0	0	0	1	0	0	0	0	0	0	0	0	0	0	0	0	0	0	0	0	0	0	0	0	1	0	0	1	0	0	1	0	0	0	1	1	0	0	1	0	0	0	0	0	0	0	0	0	0	1	0	0
JAK_f	0	0	0	0	0	0	0	0	0	0	0	0	0	0	0	0	0	0	0	0	0	0	0	0	0	1	1	0	0	0	0	1	1	0	0	0	0	0	0	0	1	0	1	1	0	1	1	0	0	1	1	0	0	0	0	0	0	0	0	0	0	0	0	0	0	0	0	0	0	0	0	0	1	1
JNK_f	0	0	1	1	0	0	0	0	0	0	0	0	1	0	0	0	1	1	1	1	1	1	0	1	1	0	0	1	1	1	0	0	0	1	1	0	1	0	0	1	1	0	0	0	0	1	1	1	0	1	0	0	0	0	0	1	0	1	0	1	0	1	1	1	0	0	0	0	1	1	0	0	0	0
JUN	0	0	1	1	0	0	0	0	0	0	0	0	1	0	0	0	1	1	1	1	1	1	1	1	1	0	0	1	1	1	0	0	0	1	1	0	1	1	0	1	1	0	1	0	0	1	1	1	0	1	1	0	1	0	0	0	1	1	0	1	1	0	0	0	0	0	0	0	1	1	1	0	0	0
KRAS	0	0	0	0	1	1	1	1	1	1	1	1	0	1	1	0	0	0	0	0	0	0	0	0	0	1	1	0	0	0	0	1	1	0	0	0	1	0	0	0	0	1	1	0	0	0	1	0	1	1	1	1	1	0	1	1	1	1	1	1	1	0	0	0	0	0	0	0	0	0	0	1	1	0
LEF1	0	0	0	0	0	0	0	0	0	0	0	0	0	0	0	1	0	0	0	0	0	0	0	0	0	0	0	0	0	0	0	0	0	0	0	1	0	0	0	0	0	0	0	0	1	0	1	0	0	0	0	0	1	0	1	0	1	0	0	0	1	0	0	0	0	0	0	0	0	0	0	0	0	0
LIF	0	0	0	0	0	0	0	0	0	0	0	0	0	0	0	0	0	0	0	0	0	0	0	0	0	0	0	0	0	0	0	0	0	0	0	0	0	0	0	0	1	0	0	1	0	1	0	0	0	1	0	0	0	0	0	0	0	0	0	0	0	0	0	0	0	0	0	0	0	0	0	0	0	0
LIMK1	0	0	0	0	0	0	0	0	0	0	0	0	0	0	0	0	0	0	0	0	0	0	0	0	0	0	0	0	0	0	0	0	0	0	0	0	0	0	0	0	0	0	0	0	0	0	1	0	0	1	0	0	0	0	0	1	0	1	0	1	0	0	0	0	0	1	1	0	0	0	0	0	0	0
LIMK2	0	0	0	0	0	0	0	0	0	0	0	0	0	0	0	0	0	0	0	0	0	0	0	0	0	0	0	0	0	0	0	0	0	0	0	0	0	0	0	0	0	0	0	0	0	0	1	0	0	0	0	0	0	0	0	1	0	0	0	1	0	0	0	0	0	1	1	0	0	0	0	0	0	0
LRP_f	0	0	0	0	0	0	0	0	0	0	0	0	0	0	0	1	0	0	0	0	0	0	0	0	0	0	0	0	0	0	0	0	1	0	0	1	0	0	0	0	0	0	0	0	0	0	1	0	0	0	1	0	0	0	0	0	0	0	0	0	0	0	0	0	0	0	0	0	0	0	0	0	0	0
MAP2K3	0	0	1	1	0	0	0	0	0	0	0	0	1	0	0	0	1	1	1	1	1	1	0	1	1	0	0	1	1	1	0	0	0	1	1	0	0	0	0	1	1	0	0	0	0	1	0	1	0	1	1	0	0	0	0	0	0	1	0	0	0	0	0	0	0	0	0	0	1	1	0	0	0	0
MAP2K4	0	0	1	1	0	0	0	0	0	0	0	0	1	0	0	0	1	1	1	1	1	1	0	1	1	0	0	1	1	1	0	0	0	1	1	0	1	0	0	1	1	0	0	0	0	1	0	1	0	1	1	0	0	0	0	0	0	1	0	0	0	1	0	0	0	0	0	0	1	1	0	0	0	0
MAP2K7	0	0	1	1	0	0	0	0	0	0	0	0	1	0	0	0	1	1	1	1	1	1	0	1	1	0	0	1	1	1	0	0	0	1	1	0	1	0	0	1	1	0	0	0	0	1	0	1	0	1	1	0	0	0	0	0	0	1	0	0	0	0	0	0	0	0	0	0	1	1	0	0	0	0
MAP3K11	0	0	0	0	0	0	0	0	0	0	0	0	0	0	0	0	0	0	0	0	0	0	0	0	0	0	1	0	0	0	0	1	1	0	0	0	0	0	0	0	0	0	1	0	0	0	1	0	0	0	1	0	0	0	0	0	0	0	0	0	0	0	0	0	0	0	0	0	0	0	0	0	0	0
MAP3K4	0	0	0	0	0	0	0	0	0	0	0	0	0	0	0	0	0	0	0	0	0	0	0	0	0	0	0	0	0	0	0	0	0	0	0	0	0	0	0	0	0	0	0	0	0	0	0	0	0	0	0	0	0	0	0	0	0	0	0	0	0	0	0	0	0	0	0	0	0	0	0	0	0	0
MAP3K5	0	0	0	0	0	0	0	0	0	0	0	0	0	0	0	0	0	0	0	0	0	0	0	0	0	0	0	0	0	0	0	0	0	0	0	0	0	0	0	0	0	0	0	0	0	0	0	0	0	0	0	0	0	0	0	0	0	0	0	0	0	0	0	0	0	0	0	0	1	1	0	0	0	0
MAP3K7	0	0	1	1	0	0	0	0	0	0	0	0	1	0	0	0	1	1	1	1	1	1	0	1	1	0	0	1	1	1	0	0	0	1	1	1	1	0	0	1	1	0	0	0	1	1	1	1	0	1	0	0	0	0	0	0	0	1	1	0	0	1	0	0	0	0	0	1	0	0	0	1	0	0
MAP3K8	0	0	1	1	0	0	0	0	0	0	0	0	1	0	0	0	1	1	1	1	1	1	0	1	1	0	0	1	1	1	0	0	0	1	1	0	0	0	0	1	1	0	0	0	0	1	0	1	0	1	0	0	0	0	0	0	0	1	0	0	0	1	0	0	0	0	0	0	0	0	0	1	0	0
MAPK14	0	0	1	1	0	0	0	0	1	0	0	1	1	0	0	0	1	1	1	1	1	1	0	1	1	1	0	1	1	1	0	0	0	1	1	0	0	0	0	1	1	0	0	0	0	1	1	1	1	1	0	1	1	0	0	1	1	1	0	1	1	0	0	0	1	1	1	0	1	1	1	0	1	0
MAPK8IP3	0	0	0	0	0	0	0	0	0	0	0	0	0	0	0	0	0	0	0	0	0	0	0	0	0	0	0	0	0	0	0	0	0	0	0	0	0	0	0	0	0	0	0	0	0	0	0	0	0	0	0	0	0	0	0	0	0	0	0	0	0	0	0	0	0	0	0	0	0	0	0	0	0	0
MAPKAPK2	0	0	1	1	0	0	0	0	1	0	0	1	1	0	0	0	1	1	1	1	1	1	0	1	1	1	0	1	1	1	0	0	0	1	1	0	0	0	0	1	1	0	0	0	0	1	1	1	1	1	0	1	0	0	0	0	0	1	0	0	0	0	0	0	0	0	0	0	1	1	0	0	0	0
MDM2	1	0	0	0	0	0	0	0	0	0	0	0	0	0	0	0	0	0	0	0	0	0	1	0	0	0	0	0	0	0	0	0	1	0	0	0	0	1	0	0	0	0	0	0	0	0	1	0	0	0	1	0	1	0	1	0	1	0	0	0	1	0	0	0	0	0	0	1	1	1	1	0	0	1
MDM2_g	1	0	0	0	0	0	0	0	0	0	0	0	0	0	0	0	0	0	0	0	0	0	1	0	0	0	0	0	0	0	0	0	1	0	0	0	0	1	0	0	0	0	0	0	0	0	1	0	0	0	1	0	1	0	1	0	1	0	0	0	1	0	0	0	0	0	0	1	1	1	1	0	0	1
MEK_f	0	0	1	1	0	0	0	0	0	0	0	0	1	0	0	0	1	1	1	1	1	1	0	1	1	0	1	1	1	1	0	1	1	1	1	0	0	0	0	1	1	0	1	0	0	1	1	1	0	1	1	0	0	0	0	1	0	1	0	1	0	1	0	0	0	0	0	0	0	0	0	0	0	0
MMP_f	0	0	0	0	0	0	0	0	0	0	0	0	0	0	0	0	0	0	0	0	0	0	0	0	0	1	0	0	0	0	0	0	0	0	0	0	0	0	0	0	1	0	1	1	0	1	1	0	0	1	0	0	0	0	0	1	0	1	0	1	0	0	0	0	0	0	0	0	0	0	0	0	0	0
MSK_f	0	0	1	1	0	0	0	0	0	0	0	0	1	0	0	0	1	1	1	1	1	1	0	1	1	1	0	1	1	1	0	0	0	1	1	0	0	0	0	1	1	0	0	0	0	1	1	1	1	1	0	1	0	0	0	1	0	1	1	1	0	0	0	0	0	0	0	0	0	0	0	0	0	0
mTORC1_c	1	0	0	0	0	0	0	0	1	0	0	1	0	0	0	0	0	0	0	0	0	0	1	0	0	1	0	0	0	0	0	0	1	0	0	0	0	1	0	0	0	0	0	0	0	0	1	0	0	1	1	0	1	0	0	0	1	0	0	0	1	0	0	0	0	0	0	0	1	1	1	1	0	0
mTORC2_c	1	0	0	0	0	0	0	0	1	0	0	1	0	0	0	0	0	0	0	0	0	0	1	0	0	1	0	0	0	0	0	0	1	0	0	0	0	1	0	0	0	0	0	0	0	0	1	0	0	1	1	0	1	0	0	0	1	0	0	0	1	0	0	0	0	0	0	0	1	1	1	1	0	0
MXD1	0	0	0	0	0	0	0	0	0	0	0	0	0	0	0	0	0	0	0	0	0	0	0	0	0	0	0	0	0	0	0	0	0	0	0	0	0	0	0	0	0	0	0	0	0	0	0	0	0	0	0	0	0	0	0	0	0	0	0	0	0	0	0	0	0	0	0	0	0	0	0	0	0	0
MYC	0	0	0	0	0	0	0	0	0	0	0	0	0	0	0	1	0	0	0	0	0	0	0	0	0	0	0	0	0	0	0	0	1	0	0	1	0	0	0	0	1	0	1	1	1	1	1	0	0	1	1	0	1	1	1	0	1	0	0	0	1	0	0	0	0	0	0	1	0	0	0	0	0	1
NFKB_f	0	0	1	1	0	0	0	0	0	0	0	0	1	0	0	0	1	1	1	1	1	1	0	1	1	0	0	1	1	1	0	0	0	1	1	0	1	0	0	1	1	0	0	0	0	1	1	1	0	1	1	0	0	0	0	0	0	1	1	1	0	1	0	0	0	0	0	0	1	1	0	1	0	0
NLK	0	0	0	0	0	0	0	0	0	0	0	0	0	0	0	0	0	0	0	0	0	0	0	0	0	0	0	0	0	0	0	0	0	0	0	1	0	0	0	0	0	0	0	0	1	0	1	0	0	0	0	0	0	0	0	0	0	0	0	0	0	0	0	0	0	0	0	0	0	0	0	0	0	0
PAK1	0	0	0	0	0	0	0	0	1	0	0	1	0	0	0	0	0	0	0	0	0	0	0	0	0	1	0	0	0	0	0	0	0	0	0	0	1	0	0	0	0	0	1	0	0	0	1	0	0	1	0	0	0	0	0	1	0	1	1	1	0	0	0	0	0	1	1	0	0	0	0	1	0	0
PARD6A	0	0	0	0	0	0	0	0	0	0	0	0	0	0	0	0	0	0	0	0	0	0	0	0	0	0	0	0	0	0	0	0	0	0	0	1	0	0	0	0	0	0	0	0	1	0	1	0	0	0	0	0	0	1	0	0	0	0	0	0	0	0	0	0	0	0	0	0	0	0	0	0	0	0
PDPK1	1	0	0	0	1	1	0	0	1	1	1	1	0	1	0	0	0	0	0	0	0	0	1	0	0	1	0	0	0	0	0	0	1	0	0	0	1	1	0	0	0	1	0	0	0	0	1	0	0	1	1	0	1	0	0	0	1	1	1	0	1	0	0	0	1	1	1	0	0	0	1	1	1	0
PIAS1	0	0	0	0	0	0	0	0	0	0	0	0	0	0	0	0	0	0	0	0	0	0	0	0	0	0	0	0	0	0	0	0	0	0	0	0	0	0	0	0	0	0	0	0	0	1	0	0	0	1	0	0	0	0	0	0	0	0	0	0	0	0	0	0	0	0	0	0	0	0	0	0	0	0
PIK3CA	1	1	0	0	1	1	1	1	1	1	1	1	0	1	1	0	0	0	0	0	0	0	1	0	0	1	0	0	0	0	1	0	1	0	0	0	1	1	1	0	1	1	0	0	0	1	1	0	1	1	1	1	0	0	0	1	0	1	0	1	0	0	0	0	1	0	0	0	0	0	0	1	1	0
PIP3	0	0	0	0	0	0	0	0	0	0	0	0	0	0	0	0	0	0	0	0	0	0	0	0	0	0	0	0	0	0	0	0	0	0	0	0	0	0	0	0	0	0	0	0	0	0	0	0	0	0	0	0	0	0	0	0	0	0	0	0	0	0	0	0	0	0	0	0	0	0	0	0	0	0
PLCG1	0	0	0	0	0	0	1	1	1	0	0	1	0	0	1	0	0	0	0	0	0	0	0	0	0	1	0	0	0	0	0	0	1	0	0	0	1	1	0	0	0	0	0	0	0	1	1	0	1	1	1	1	0	0	0	1	0	1	0	1	0	0	0	0	0	0	0	0	0	0	0	1	1	0
PLK1	0	0	0	0	0	0	0	0	0	0	0	0	0	0	0	0	0	0	0	0	0	0	0	0	0	0	0	0	0	0	0	0	0	0	0	0	0	0	0	0	0	0	0	0	0	0	1	0	0	0	0	0	0	0	0	0	0	0	0	0	0	0	0	0	0	1	1	0	0	0	0	0	0	1
PPM1A	0	0	0	0	0	0	0	0	0	0	0	0	0	0	0	0	0	0	0	0	0	0	0	0	0	0	0	0	0	0	0	0	0	0	0	0	0	0	0	0	0	0	0	0	0	0	1	0	0	0	0	0	1	1	0	0	1	0	0	0	1	0	0	0	0	0	0	0	0	0	0	0	0	0
PPP1CA	0	0	0	0	0	0	0	0	0	0	0	0	0	0	0	0	0	0	0	0	0	0	0	0	0	0	0	0	0	0	0	0	0	0	0	0	0	0	0	0	0	0	0	0	0	0	1	0	0	0	0	0	0	1	0	0	0	0	0	0	0	0	0	0	0	0	0	0	0	0	0	0	0	0
PRKACA	0	0	0	0	0	0	0	1	1	0	0	1	0	0	0	0	0	0	0	0	0	0	0	0	0	1	0	0	0	0	0	0	0	0	0	1	0	1	0	0	1	0	1	0	1	1	1	0	0	1	1	0	1	0	0	1	1	1	1	1	1	0	0	0	1	1	1	0	0	0	0	1	1	1
PRKCA	0	0	0	0	0	0	0	1	1	0	0	1	0	0	0	0	0	0	0	0	0	0	0	0	0	1	0	0	0	0	0	0	0	0	0	1	0	1	0	0	0	0	0	0	1	0	1	0	0	0	0	0	0	0	0	1	0	0	0	1	0	0	0	0	1	1	1	0	0	0	0	0	1	1
PRKCD	0	0	0	0	0	0	0	1	1	0	0	1	0	0	0	0	0	0	0	0	0	0	0	0	0	1	0	0	0	0	0	0	0	0	0	0	0	1	0	0	0	0	0	0	0	1	1	0	0	1	0	0	0	0	0	0	0	1	1	0	0	0	1	1	1	1	1	0	0	0	0	0	1	0
PTEN	1	0	0	0	0	0	0	0	0	0	0	0	0	0	0	0	0	0	0	0	0	0	1	0	0	0	0	0	0	0	1	0	1	0	0	0	0	1	0	0	0	0	0	0	0	0	1	0	0	1	1	0	1	0	0	0	1	0	0	0	1	0	0	0	0	0	0	1	0	0	1	1	0	0
PTEN_g	1	0	0	0	0	0	0	0	0	0	0	0	0	0	0	0	0	0	0	0	0	0	1	0	0	0	0	0	0	0	1	0	1	0	0	0	0	1	0	0	0	0	0	0	0	0	1	0	0	1	1	0	1	0	0	0	1	0	0	0	1	0	0	0	0	0	0	1	0	0	1	1	0	0
PTPN11	1	1	0	0	1	1	0	0	0	1	1	0	0	1	1	0	0	0	0	0	0	0	1	0	0	1	1	0	1	0	1	0	1	1	0	0	0	1	1	1	1	1	1	0	0	1	1	1	1	1	1	0	1	0	0	1	1	1	0	1	1	1	0	0	1	0	0	0	0	0	0	1	1	0
PTPN6	0	0	0	0	0	0	0	0	0	0	0	0	0	0	0	0	0	0	0	0	0	0	0	0	0	1	0	0	0	0	0	0	0	0	0	0	0	0	0	0	1	0	0	0	0	1	1	0	0	1	0	0	0	0	0	0	0	1	0	0	0	1	0	0	1	0	0	0	0	0	0	1	1	0
RAC_f	1	1	0	0	0	0	0	0	1	0	0	1	0	0	0	0	0	0	0	0	0	0	1	0	0	1	0	0	0	0	1	0	1	0	0	1	1	1	1	0	0	0	1	0	1	0	1	0	1	1	1	0	0	0	0	1	0	1	0	1	0	0	0	0	1	1	1	0	0	0	0	1	1	0
RAF_f	0	0	0	0	0	0	0	0	0	0	0	0	0	0	1	0	0	0	0	0	0	0	0	0	0	1	1	0	0	0	0	1	1	0	0	0	0	0	0	0	0	0	1	0	0	0	1	0	1	1	1	1	0	0	0	0	0	1	1	0	0	0	0	0	1	0	0	0	0	0	0	1	1	0
REL_f	0	0	1	0	0	0	0	0	0	0	0	0	1	0	0	0	0	1	1	1	1	1	0	1	1	0	0	1	1	1	0	0	0	1	1	0	1	0	0	1	1	0	0	0	0	1	1	1	0	1	1	0	0	0	0	0	0	1	1	1	0	1	0	0	0	0	0	0	1	1	0	1	0	0
RHEB	0	0	0	0	0	0	0	0	0	0	0	0	0	0	0	0	0	0	0	0	0	0	1	0	0	0	0	0	0	0	0	0	0	0	0	0	0	1	0	0	0	0	0	0	0	0	1	0	0	0	0	0	1	0	0	0	1	0	0	0	1	0	0	0	0	0	0	0	1	0	1	0	0	0
RHOA	0	0	0	0	0	0	0	1	1	0	0	1	0	0	0	0	0	0	0	0	0	0	0	0	0	1	0	0	0	0	0	0	0	0	0	1	0	0	0	0	0	0	0	0	1	0	1	0	1	1	0	1	0	1	0	1	0	1	0	1	0	0	0	0	1	1	1	1	0	0	0	0	1	0
RND3	0	0	0	0	0	0	0	0	0	0	0	0	0	0	0	0	0	0	0	0	0	0	0	0	0	0	0	0	0	0	0	0	0	0	0	0	0	0	0	0	0	0	0	0	0	0	0	0	0	0	0	0	0	0	0	0	0	0	0	0	0	0	0	0	0	0	0	0	0	0	0	0	0	0
ROCK1	0	0	0	0	0	0	0	0	1	0	0	1	0	0	0	0	0	0	0	0	0	0	0	0	0	1	0	0	0	0	0	0	0	0	0	0	0	0	0	0	0	0	0	0	0	0	1	0	0	1	0	0	0	0	0	1	0	1	0	1	0	0	1	1	0	1	1	0	0	0	0	0	0	0
RSK_f	0	0	1	1	0	0	0	0	0	0	0	0	1	0	0	0	1	1	1	1	1	1	0	1	1	1	0	1	1	1	0	0	0	1	1	0	0	0	0	1	1	0	0	0	0	1	1	1	1	1	0	1	0	0	0	1	0	1	0	1	0	0	0	0	0	0	0	0	1	1	0	0	0	0
RTPK_f	1	1	0	0	1	1	1	1	1	1	1	1	0	1	1	0	0	0	0	0	0	0	1	0	0	1	1	0	0	0	1	1	1	0	0	0	0	1	1	0	1	1	1	0	0	1	1	0	0	1	1	0	1	0	0	1	1	0	0	1	1	0	0	0	0	0	0	0	0	0	0	0	0	0
RTPK_g	1	1	0	0	1	1	1	1	1	1	1	1	0	1	1	0	0	0	0	0	0	0	1	0	0	1	1	0	0	0	1	1	1	0	0	0	0	1	1	0	1	1	1	0	0	1	1	0	0	1	1	0	1	0	0	1	1	0	0	1	1	0	0	0	0	0	0	0	0	0	0	0	0	0
S6K_f	1	0	0	0	0	0	0	0	0	0	0	0	0	0	0	0	0	0	0	0	0	0	1	0	0	0	0	0	0	0	0	0	1	0	0	0	0	1	0	0	0	0	0	0	0	0	1	0	0	0	1	0	0	0	0	0	0	0	0	0	0	0	0	0	0	0	0	0	0	0	0	0	0	0
SFRP1	0	0	0	0	0	0	0	0	0	0	0	0	0	0	0	1	0	0	0	0	0	0	0	0	0	0	0	0	0	0	0	0	0	0	0	1	0	0	0	0	0	0	0	0	0	0	1	0	0	0	0	0	0	0	0	0	0	0	0	0	0	0	0	0	0	0	0	0	0	0	0	0	0	0
SFRP1_g	0	0	0	0	0	0	0	0	0	0	0	0	0	0	0	1	0	0	0	0	0	0	0	0	0	0	0	0	0	0	0	0	0	0	0	1	0	0	0	0	0	0	0	0	0	0	1	0	0	0	0	0	0	0	0	0	0	0	0	0	0	0	0	0	0	0	0	0	0	0	0	0	0	0
SHC1	0	0	0	0	1	1	0	1	0	1	0	0	0	0	1	0	0	0	0	0	0	0	0	0	0	1	1	0	0	0	0	1	1	0	0	0	1	0	0	0	1	1	1	0	0	1	1	0	1	1	1	1	0	0	0	1	0	1	0	1	0	0	0	0	1	0	0	0	0	0	0	0	1	0
SKI	0	0	0	0	0	0	0	0	0	0	0	0	0	0	0	0	0	0	0	0	0	0	0	0	0	0	0	0	0	0	0	0	1	0	0	0	0	0	0	0	0	0	0	0	0	0	1	0	0	0	1	0	1	1	0	0	1	0	0	0	1	0	0	0	0	0	0	0	0	0	0	0	0	0
SKP2	0	0	0	0	0	0	0	0	0	0	0	0	0	0	0	0	0	0	0	0	0	0	0	0	0	0	0	0	0	0	0	0	0	0	0	0	0	0	0	0	0	0	0	0	0	0	0	0	0	1	0	0	1	0	0	0	1	0	0	0	1	0	0	0	0	0	0	1	0	0	0	1	0	1
SMAD1	0	0	0	0	0	0	0	0	0	0	0	0	0	0	0	0	0	0	0	0	0	0	0	0	0	0	0	0	0	0	0	0	0	0	0	0	0	0	0	0	0	0	0	0	0	0	1	0	0	0	0	0	1	1	0	0	1	0	0	0	1	0	0	0	0	0	0	1	0	0	0	0	0	0
SMAD2	0	0	0	0	0	0	0	0	0	0	0	0	0	0	0	0	0	0	0	0	0	0	0	0	0	0	0	0	0	0	0	0	1	0	0	0	0	0	0	0	0	0	0	0	0	0	1	0	0	0	1	0	1	1	0	0	1	0	0	1	1	0	0	0	0	0	0	1	0	0	0	0	0	0
SMAD3	0	0	0	0	0	0	0	0	0	0	0	0	0	0	0	0	0	0	0	0	0	0	0	0	0	0	0	0	0	0	0	0	1	0	0	0	0	0	0	0	1	0	0	0	0	1	1	0	0	1	1	0	1	1	1	0	1	0	0	1	1	1	0	0	0	0	0	1	0	0	0	0	0	0
SMAD4	0	0	0	0	0	0	0	0	0	0	0	0	0	0	0	0	0	0	0	0	0	0	0	0	0	0	0	0	0	0	0	0	1	0	0	0	0	0	0	0	0	0	0	0	0	0	1	0	0	0	1	0	1	1	1	0	1	0	0	1	1	0	0	0	0	0	0	1	0	0	0	0	0	0
SMAD5	0	0	0	0	0	0	0	0	0	0	0	0	0	0	0	0	0	0	0	0	0	0	0	0	0	0	0	0	0	0	0	0	0	0	0	0	0	0	0	0	0	0	0	0	0	0	1	0	0	0	0	0	0	1	0	0	0	0	0	0	0	0	0	0	0	0	0	0	0	0	0	0	0	0
SMAD6	0	0	0	0	0	0	0	0	0	0	0	0	0	0	0	0	0	0	0	0	0	0	0	0	0	0	0	0	0	0	0	0	0	0	0	0	0	0	0	0	0	0	0	0	0	0	1	0	0	0	0	0	1	1	0	0	1	0	0	0	1	0	0	0	0	0	0	0	0	0	0	0	0	0
SMAD6_g	0	0	0	0	0	0	0	0	0	0	0	0	0	0	0	0	0	0	0	0	0	0	0	0	0	0	0	0	0	0	0	0	0	0	0	0	0	0	0	0	0	0	0	0	0	0	1	0	0	0	0	0	1	1	0	0	1	0	0	0	1	0	0	0	0	0	0	0	0	0	0	0	0	0
SMAD7	0	0	0	0	0	0	0	0	0	0	0	0	0	0	0	0	0	0	0	0	0	0	0	0	0	0	0	0	0	0	0	0	0	0	0	0	0	0	0	0	0	0	0	0	0	0	1	0	0	0	0	0	1	1	0	0	1	0	0	0	1	0	0	0	0	0	0	1	0	0	0	0	0	0
SMAD7_g	0	0	0	0	0	0	0	0	0	0	0	0	0	0	0	0	0	0	0	0	0	0	0	0	0	0	0	0	0	0	0	0	0	0	0	0	0	0	0	0	0	0	0	0	0	0	1	0	0	0	0	0	1	1	0	0	1	0	0	0	1	0	0	0	0	0	0	1	0	0	0	0	0	0
SMURF1	0	0	0	0	0	0	0	0	0	0	0	0	0	0	0	0	0	0	0	0	0	0	0	0	0	0	0	0	0	0	0	0	0	0	0	1	0	0	0	0	0	0	0	0	1	0	1	0	0	1	0	0	1	1	1	0	1	0	0	0	1	0	0	0	0	0	0	0	0	0	0	1	0	0
SMURF2	0	0	0	0	0	0	0	0	0	0	0	0	0	0	0	1	0	0	0	0	0	0	0	0	0	0	0	0	0	0	0	0	0	0	0	1	0	0	0	0	0	0	0	0	1	0	1	0	0	1	0	0	1	1	1	0	1	0	0	0	1	0	0	0	0	0	0	1	0	0	0	1	0	0
SOCS1	0	0	0	0	0	0	0	0	0	0	0	0	0	0	0	0	0	0	0	0	0	1	0	1	1	1	0	0	0	1	0	0	0	0	0	0	0	0	0	1	1	0	0	1	0	1	1	1	0	1	0	0	0	0	0	0	0	1	0	0	0	0	0	0	0	0	0	0	0	0	0	1	0	0
SOCS1_g	0	0	0	0	0	0	0	0	0	0	0	0	0	0	0	0	0	0	0	0	0	1	0	1	1	1	0	0	0	1	0	0	0	0	0	0	0	0	0	1	1	0	0	1	0	1	1	1	0	1	0	0	0	0	0	0	0	1	0	0	0	0	0	0	0	0	0	0	0	0	0	1	0	0
SOS1	0	0	0	0	1	1	1	1	0	1	1	0	0	1	1	0	0	0	0	0	0	0	0	0	0	1	1	0	0	0	0	1	1	0	0	0	1	0	0	0	1	1	1	0	0	1	1	0	1	1	1	1	0	0	0	1	0	1	0	1	0	0	0	0	1	0	1	0	0	0	0	1	1	0
SRC	1	1	0	0	0	0	0	1	1	0	0	1	0	0	1	0	0	0	0	0	0	0	1	0	0	1	1	0	0	0	1	1	1	0	0	0	0	1	1	0	0	0	1	0	0	0	1	0	1	1	1	1	1	0	1	1	1	1	1	1	1	0	0	0	1	1	1	0	0	0	0	1	1	1
SRF	0	0	0	0	0	0	0	0	0	0	0	0	0	0	0	0	0	0	0	0	0	0	0	0	0	0	0	0	0	0	0	0	0	0	0	0	0	0	0	0	0	0	0	0	0	0	1	0	0	0	0	0	0	0	0	0	0	0	0	0	0	0	0	0	0	1	1	0	0	0	0	0	0	0
STAT1	0	0	0	0	0	0	1	0	0	0	0	0	0	0	0	0	0	0	0	0	0	0	0	0	0	1	0	0	0	0	0	0	1	0	0	0	0	0	0	0	1	0	0	1	0	1	1	0	0	1	1	0	1	0	0	0	1	0	0	0	1	0	0	0	0	0	0	0	0	0	0	0	0	0
STAT2	0	0	0	0	0	0	0	0	0	0	0	0	0	0	0	0	0	0	0	0	0	0	0	0	0	0	0	0	0	0	0	0	0	0	0	0	0	0	0	0	1	0	0	0	0	1	0	0	0	1	0	0	0	0	0	0	0	0	0	0	0	0	0	0	0	0	0	0	0	0	0	0	0	0
STAT3	0	0	0	0	0	0	1	0	0	0	0	0	0	0	0	0	0	0	0	0	0	0	0	0	0	1	0	0	0	0	0	0	1	0	0	0	0	0	0	0	1	0	0	1	0	1	1	0	1	1	1	1	0	0	0	0	0	0	0	1	0	1	1	1	0	0	0	0	1	1	0	0	0	0
SYK	0	0	0	0	0	0	0	0	0	0	0	0	0	0	0	0	0	0	0	0	0	0	0	0	0	0	0	0	0	0	0	0	0	0	0	0	1	0	0	0	1	0	0	0	0	1	1	0	0	1	0	0	0	0	0	0	0	1	1	0	0	0	0	0	1	0	0	0	0	0	0	1	1	0
TAB_f	0	0	1	1	0	0	0	0	0	0	0	0	1	0	0	0	1	1	1	1	1	1	0	1	1	1	0	1	1	1	0	0	0	1	1	0	1	0	0	1	1	0	0	0	0	1	1	1	0	1	0	0	0	0	0	0	0	1	1	0	0	1	0	0	0	0	0	1	0	0	0	1	0	0
TCF7_f	0	0	0	0	0	0	0	0	0	0	0	0	0	0	0	1	0	0	0	0	0	0	0	0	0	0	0	0	0	0	0	0	1	0	0	1	0	0	0	0	0	0	0	0	1	0	1	0	0	0	1	0	1	0	1	0	1	0	0	0	1	0	0	0	0	0	0	0	0	0	0	0	0	0
TGFB1	0	0	0	0	0	0	0	0	0	0	0	0	0	0	0	0	0	0	0	0	0	0	0	0	0	0	0	0	0	0	0	0	1	0	0	0	0	0	0	0	1	0	0	1	0	1	1	0	0	1	1	0	1	1	1	0	1	0	0	1	1	0	0	0	1	0	0	1	0	0	0	0	1	0
TGFBR1	0	0	0	0	0	0	0	0	0	0	0	0	0	0	0	0	0	0	0	0	0	0	0	0	0	0	0	0	0	0	0	0	1	0	0	0	0	0	0	0	0	0	0	0	0	0	1	0	0	0	1	0	0	1	0	0	0	0	0	0	0	0	0	0	0	0	0	1	0	0	0	0	0	0
TGFBR2	0	0	0	0	0	0	0	0	0	0	0	0	0	0	0	0	0	0	0	0	0	0	0	0	0	0	0	0	0	0	0	0	1	0	0	0	0	0	0	0	0	0	0	0	0	0	1	0	0	0	1	0	0	1	0	0	0	0	0	0	0	0	0	0	0	0	0	1	0	0	0	0	0	0
TIAM1	0	0	0	0	0	0	0	0	0	0	0	0	0	0	0	0	0	0	0	0	0	0	0	0	0	1	0	0	0	0	0	0	0	0	0	0	0	0	0	0	0	0	0	0	0	0	1	0	1	0	0	0	0	0	0	1	0	0	0	1	0	0	0	0	0	0	1	0	0	0	0	0	0	0
TP53	0	0	0	0	0	0	0	0	0	0	0	0	0	0	0	0	0	0	0	0	0	0	1	0	0	0	0	0	0	0	0	0	0	0	0	0	0	1	0	0	1	0	0	1	0	1	1	0	0	1	0	0	1	0	1	0	1	0	0	0	1	0	1	1	0	0	0	1	1	1	1	0	1	1
TRAF6	0	0	1	1	0	0	0	0	0	0	0	0	1	0	0	0	1	1	1	1	1	1	1	1	1	0	0	1	1	1	1	0	0	1	1	0	1	1	1	1	1	0	0	0	0	1	1	1	0	1	0	0	0	0	0	0	0	1	1	0	0	1	0	0	0	0	0	1	0	0	0	1	0	0
TSC_f	1	0	0	0	0	0	0	0	0	0	0	0	0	0	0	0	0	0	0	0	0	0	1	0	0	0	0	0	0	0	0	0	1	0	0	0	0	1	0	0	0	0	0	0	0	0	1	0	0	0	1	0	1	0	0	0	1	0	0	0	1	0	0	0	0	0	0	0	1	0	1	0	0	0
VAV1	1	1	0	0	0	0	0	0	1	0	0	1	0	0	0	0	0	0	0	0	0	0	1	0	0	1	0	0	0	0	1	0	1	0	0	0	1	1	1	0	1	0	0	0	0	1	1	0	0	1	1	0	0	0	0	0	0	1	0	0	0	0	0	0	1	0	1	0	0	0	0	1	1	0
